00100000000000010000000000000001
00100000000000100000000000000010
00000000000000000000000000100000
00000000000000000000000000100000
00000000000000000000000000100000
00000000000000000000000000100000
00000000000000000000000000100000
00000000001000100001100000100000
00000000000000000000000000100000
00000000000000000000000000100000
00000000000000000000000000100000
00000000000000000000000000100000
00000000000000000000000000100000
00000000010000110000000000011000
00000000000000000011000000010010
00000000000000000000000000100000
00000000000000000000000000100000
00000000000000000000000000100000
00000000000000000000000000100000
00000000000000000000000000100000
00000000110000010010100000100010
00000000000000000000000000100000
00000000000000000000000000100000
00000000000000000000000000100000
00000000000000000000000000100000
00000000000000000000000000100000
00000000110001010000000000011010
00000000000000000010000000010000
10101100000000100000000000000100
00000000000000000000000000100000
00000000000000000000000000100000
00000000000000000000000000100000
00000000000000000000000000100000
00000000000000000000000000100000
10001100000001110000000000000000
00000000000000000000000000100000
00000000000000000000000000100000
00000000000000000000000000100000
00000000000000000000000000100000
00000000000000000000000000100000
00100000111001110000000000000101
00111100000010000001000000000001
00010000000000000000000000001000
00000011111000000000000000001000
00000000000000010101000000100101
00000000000000010101100000100111
00000000001000010110000000101000
00110000000011010000000000000001
00110100000011100000000000000001
00111000000011110000000000000001
00001000000000000000000000110101
00000000000000010100100000100100
00010101001000011111111111110111
00001100000000000000000000101011
00000000000000011000000000101010
00101000101100010000000000000010
00000000000000011001000000000000
00000000000010001001100001000010
00000000000010001010000001000011
