00100000000000010000000000000001
00100000000000100000000000000010
00000000000000000000000000100000
00000000000000000000000000100000
00000000000000000000000000100000
00000000000000000000000000100000
00000000000000000000000000100000
00000000001000100001100000100000
00000000000000000000000000100000
00000000000000000000000000100000
00000000000000000000000000100000
00000000000000000000000000100000
00000000000000000000000000100000
00000000010000110000000000011000
00000000000000000011000000010010
00000000000000000000000000100000
00000000000000000000000000100000
00000000000000000000000000100000
00000000000000000000000000100000
00000000000000000000000000100000
00000000110000010010100000100010
00000000000000000000000000100000
00000000000000000000000000100000
00000000000000000000000000100000
00000000000000000000000000100000
00000000000000000000000000100000
00000000110001010000000000011010
00000000000000000010000000010000
10101100000000100000000000000100
00000000000000000000000000100000
00000000000000000000000000100000
00000000000000000000000000100000
00000000000000000000000000100000
00000000000000000000000000100000
10001100000001110000000000000000
00000000000000000000000000100000
00000000000000000000000000100000
00000000000000000000000000100000
00000000000000000000000000100000
00000000000000000000000000100000
00100000111001110000000000000101
00111100000010000001000000000001
00010000000000000000000000000001
00000000000000010101000000100101
00000000000000010100100000100100
